NEURAL NETWORK
==============

LEVEL 0
  Inputs:  7
  Outputs: 10

  Biases:
    -0.5289
    -0.4737
    0.5034
    0.6609
    0.2225
    0.7802
    0.5763
    -0.1771
    0.2417
    0.5572

  Weights (row=input, col=output):
    [-0.3714  0.4682  -0.7790  0.6108  -0.4521  -0.6719  0.4169  0.5310  -0.8728  0.3652]
    [-0.0366  0.6114  -0.2253  -0.7774  -0.2002  -0.1657  -0.2277  0.6029  -0.3200  0.3338]
    [0.5224  -0.0402  0.8262  0.2649  -0.7345  -0.1395  -0.5259  -0.8726  -0.2666  0.1059]
    [-0.4113  -0.8343  0.3885  0.4038  -0.8436  -0.4866  -0.4102  -0.6653  -0.0715  0.0991]
    [0.0725  0.2352  0.2192  -0.5834  0.8066  0.7084  -0.0185  -0.1052  -0.4766  -0.6867]
    [0.6442  0.4634  0.3283  -0.7435  0.3376  0.1906  -0.7462  0.6046  0.6347  0.3551]
    [-0.6596  0.7173  -0.5444  0.6756  0.7697  0.2020  -0.3469  0.7639  0.6258  0.7535]

LEVEL 1
  Inputs:  10
  Outputs: 4

  Biases:
    -0.2562
    -0.1170
    -0.2798
    0.0347

  Weights (row=input, col=output):
    [0.5446  0.0631  0.6901  -0.7578]
    [0.2492  -0.3364  -0.3897  0.7142]
    [0.1879  -0.0015  -0.0248  -0.4008]
    [0.2573  0.4668  -0.5176  -0.7057]
    [0.6135  0.1172  -0.8822  -0.0385]
    [0.7946  0.1084  -0.6304  0.3680]
    [-0.4899  -0.3791  0.4986  -0.5479]
    [-0.6681  0.4629  -0.1586  -0.6069]
    [0.5320  0.1509  -0.4084  -0.1337]
    [0.0610  -0.8139  0.1282  0.4786]
